loss
0.8716374635696411
0.6958048343658447
0.6540166735649109
0.6195977330207825
0.6064270734786987
0.5960391163825989
0.5810598731040955
0.5778019428253174
0.5793784260749817
0.5642991662025452
0.5775624513626099
0.555965006351471
0.5603306889533997
0.5486469864845276
0.5512582659721375
0.5417723059654236
0.543641984462738
0.5330274105072021
0.5246124863624573
0.5318966507911682
0.5212110877037048
0.5342505574226379
0.518366277217865
0.5154711604118347
0.5178722739219666
0.5148202180862427
0.5125986337661743
0.515526294708252
0.5036083459854126
0.5091031193733215
0.5051616430282593
0.49846524000167847
0.49824288487434387
0.4955340325832367
0.4961278736591339
0.4924977719783783
0.4842020869255066
0.48900648951530457
0.4786584675312042
0.4811146557331085
0.48844221234321594
0.4743713140487671
0.47399115562438965
0.4842628240585327
0.4758591949939728
0.47782769799232483
0.47101452946662903
0.46384382247924805
0.45559099316596985
0.4675005078315735
0.4527444839477539
0.46586909890174866
0.44955581426620483
0.45647764205932617
0.4576893746852875
0.4606975018978119
0.45394808053970337
0.4458887279033661
0.44930434226989746
0.4507509171962738
accuracy
0.6309125423431396
0.695652186870575
0.7188246250152588
0.7336359024047852
0.7372192740440369
0.7453415989875793
0.7496416568756104
0.7498805522918701
0.752269446849823
0.7625418305397034
0.7568084001541138
0.7644529342651367
0.7596750855445862
0.7644529342651367
0.7646918296813965
0.7680363059043884
0.7663640975952148
0.7711418867111206
0.7709029912948608
0.7718585729598999
0.7792642116546631
0.768514096736908
0.7795031070709229
0.7797420024871826
0.7735308408737183
0.7713807821273804
0.778308629989624
0.7704252004623413
0.7795031070709229
0.7775919437408447
0.7761586308479309
0.7861920595169067
0.7900143265724182
0.7883421182632446
0.7811753749847412
0.7881032228469849
0.7926421165466309
0.7890587449073792
0.7950310707092285
0.7909699082374573
0.7890587449073792
0.7940754890441895
0.7983755469322205
0.7947921752929688
0.7964643836021423
0.7943143844604492
0.8007644414901733
0.7974199652671814
0.7971810698509216
0.7998088598251343
0.8038700222969055
0.7947921752929688
0.8055422902107239
0.804347813129425
0.7990922331809998
0.8002866506576538
0.8060200810432434
0.8096034526824951
0.8050644993782043
0.8064978718757629
val_loss
2.8891782760620117
0.9006708264350891
3.4306068420410156
0.7184397578239441
0.584481954574585
3.143688440322876
0.7455992698669434
0.809798002243042
0.6379286646842957
0.550823986530304
0.7348089814186096
1.3476659059524536
1.2310123443603516
1.3272175788879395
0.8384904861450195
0.6205101609230042
0.6696454286575317
0.6353855133056641
0.6028220653533936
1.0934832096099854
1.440049171447754
0.5597430467605591
0.5692763924598694
0.5837446451187134
1.0045846700668335
0.5708016157150269
0.6632320284843445
1.6514525413513184
0.6197279691696167
0.8329519629478455
0.5485386848449707
1.0334826707839966
0.7262541651725769
0.6238234639167786
0.5728800296783447
0.5950606465339661
0.6367841958999634
0.6784756183624268
1.0987852811813354
0.6405794024467468
0.6503704190254211
0.6198422908782959
1.1101220846176147
0.6444059610366821
0.5989443063735962
0.9228864312171936
0.7159643769264221
0.7041575908660889
2.6975340843200684
0.658259391784668
1.7829231023788452
0.7971171140670776
0.5486811399459839
0.7341945767402649
0.5348398685455322
0.5502164959907532
0.7957116365432739
1.2443571090698242
0.6526569128036499
0.569655179977417
val_accuracy
0.485659658908844
0.6395793557167053
0.3728489577770233
0.6510516405105591
0.7552581429481506
0.5401529669761658
0.7131931185722351
0.609942615032196
0.7437858581542969
0.7600382566452026
0.7131931185722351
0.5420650243759155
0.5210325121879578
0.5965583324432373
0.6386232972145081
0.7609942555427551
0.6940726637840271
0.7237093448638916
0.7533460855484009
0.6223709583282471
0.6089866161346436
0.7543020844459534
0.7600382566452026
0.7619503140449524
0.6730401515960693
0.7609942555427551
0.7151051759719849
0.6347992420196533
0.7007648348808289
0.6548756957054138
0.7619503140449524
0.614722728729248
0.6988527774810791
0.7533460855484009
0.7456979155540466
0.7504780292510986
0.7179732322692871
0.7466539144515991
0.6567877531051636
0.7189292311668396
0.7131931185722351
0.7466539144515991
0.6328871846199036
0.7485659718513489
0.7552581429481506
0.6711280941963196
0.7007648348808289
0.7131931185722351
0.5181644558906555
0.7609942555427551
0.5564053654670715
0.6883364915847778
0.7370936870574951
0.6969407200813293
0.7753345966339111
0.7619503140449524
0.7284894585609436
0.6328871846199036
0.7323135733604431
0.7695984840393066
