loss
0.9933177828788757
0.7697439789772034
0.7042210102081299
0.6752718687057495
0.6391587853431702
0.626152753829956
0.6203230619430542
0.6128901243209839
0.5986915826797485
0.5938217639923096
0.5726593732833862
0.5787376761436462
0.566270649433136
0.5588844418525696
0.5597885251045227
0.5508196949958801
0.5498268604278564
0.5429566502571106
0.5328671336174011
0.5344038009643555
0.5405413508415222
0.5274035930633545
0.5186164379119873
0.5180203318595886
0.5135535597801208
0.5167195200920105
0.49957722425460815
0.5036803483963013
0.512839138507843
0.5079739689826965
0.4978868365287781
0.49824005365371704
0.48393210768699646
0.5048426389694214
0.49253931641578674
0.4894999563694
0.4820413589477539
0.4853034019470215
0.4916520416736603
0.4830293357372284
0.48960164189338684
0.4849373996257782
0.4749012291431427
0.4689812958240509
0.46413445472717285
0.46483537554740906
0.47598451375961304
0.47489994764328003
0.4710090756416321
0.4644932746887207
0.4590943455696106
0.4633910357952118
0.45899519324302673
0.4638276994228363
0.4549688994884491
0.4541991055011749
0.45509517192840576
0.4542412757873535
0.45071324706077576
0.4519122838973999
0.445787250995636
0.4446925222873688
0.43507611751556396
0.4473031461238861
0.4401189386844635
0.4432982802391052
0.44928115606307983
0.44673919677734375
0.4443221688270569
0.4334568977355957
0.43227002024650574
0.4213447570800781
0.43718159198760986
0.43073251843452454
0.43150126934051514
0.4294683039188385
0.42592692375183105
0.43158653378486633
0.41490307450294495
0.4180815517902374
0.4222906827926636
0.4200935959815979
0.42033320665359497
0.4207850396633148
0.4155931770801544
0.42943286895751953
0.4063687026500702
0.4172546863555908
0.4141961336135864
0.41010168194770813
0.41128090023994446
0.416776180267334
0.4087845981121063
0.4090314209461212
0.4069489538669586
0.4128848612308502
0.40000176429748535
0.4025202691555023
0.4036657214164734
0.40399956703186035
0.4037327468395233
0.4172288477420807
0.39530399441719055
0.4006350040435791
0.39698413014411926
0.40118059515953064
0.398198664188385
0.3920447528362274
0.39132875204086304
0.38657549023628235
0.40147706866264343
0.3907424211502075
0.3892979919910431
0.3884968161582947
0.39013752341270447
0.39156046509742737
0.38563767075538635
0.38260290026664734
0.3950899839401245
0.3821985423564911
0.38316068053245544
0.3834020793437958
0.389674574136734
0.37532830238342285
0.3781917095184326
0.374153733253479
0.3908466100692749
0.37269315123558044
0.3743686378002167
0.37621867656707764
0.3826355040073395
0.3710651695728302
0.3728097975254059
0.38024336099624634
0.36865752935409546
0.36306270956993103
0.3729264736175537
0.37426358461380005
0.3693991005420685
0.3794926702976227
0.3672731816768646
0.37464410066604614
0.36434534192085266
0.37713420391082764
0.3729705512523651
0.36470654606819153
0.3772141933441162
0.3645102083683014
0.3593659996986389
0.3496389091014862
0.3570307493209839
0.3602646589279175
0.3600505590438843
0.36654725670814514
0.3533458113670349
0.35204315185546875
0.349581241607666
0.35569363832473755
0.3646872937679291
0.3511584997177124
0.35813552141189575
0.3499973714351654
0.34943467378616333
0.3517993688583374
0.34496286511421204
0.3510419428348541
0.34580549597740173
0.3586547076702118
0.34681785106658936
0.3468162715435028
0.35006099939346313
0.3483200669288635
0.3540181517601013
0.35454875230789185
0.35359659790992737
0.3362337350845337
0.33149832487106323
0.33982816338539124
0.3319123387336731
0.34402862191200256
0.34006980061531067
0.33426591753959656
0.33973199129104614
0.3432459235191345
0.337935209274292
0.33573099970817566
0.3324069082736969
0.33922216296195984
0.3323875665664673
0.32371318340301514
0.32816994190216064
0.33062806725502014
0.3356880843639374
0.33106496930122375
0.3290086090564728
0.3211287558078766
0.31817159056663513
0.3284675180912018
0.3303481340408325
0.3225855827331543
accuracy
0.5821787118911743
0.6638795733451843
0.6970854997634888
0.7032967209815979
0.72288578748703
0.7221691608428955
0.7379359602928162
0.7374581694602966
0.7424749135971069
0.7422360181808472
0.7560917139053345
0.7594361901283264
0.7582417726516724
0.765169620513916
0.7589584589004517
0.7666029334068298
0.7646918296813965
0.7658863067626953
0.772814154624939
0.774008572101593
0.7773531079292297
0.7759197354316711
0.7799808979034424
0.7828475832939148
0.7787864208221436
0.7821308970451355
0.7876254320144653
0.7835642695426941
0.7864309549331665
0.782608687877655
0.7885810136795044
0.7907310128211975
0.7924032211303711
0.7833253741264343
0.7907310128211975
0.7909699082374573
0.7933588027954102
0.7885810136795044
0.7895365357398987
0.7924032211303711
0.7919254899024963
0.786908745765686
0.7943143844604492
0.800047755241394
0.794553279876709
0.8055422902107239
0.7978977560997009
0.7947921752929688
0.7974199652671814
0.8036311268806458
0.8069756627082825
0.8017200231552124
0.804347813129425
0.8007644414901733
0.8064978718757629
0.8036311268806458
0.7974199652671814
0.800047755241394
0.8096034526824951
0.8041089177131653
0.803153395652771
0.8072144985198975
0.8081700801849365
0.8002866506576538
0.8079311847686768
0.8131868243217468
0.8088867664337158
0.811992347240448
0.808647871017456
0.808647871017456
0.8134257197380066
0.8134257197380066
0.8112756609916687
0.8153368234634399
0.8146201372146606
0.8177257776260376
0.811992347240448
0.8177257776260376
0.8210702538490295
0.8153368234634399
0.8193979859352112
0.8184424042701721
0.8155757188796997
0.8186812996864319
0.8220257759094238
0.8136646151542664
0.8201146721839905
0.8153368234634399
0.8170090913772583
0.82059246301651
0.8232202529907227
0.8177257776260376
0.8220257759094238
0.8225035667419434
0.8275203108787537
0.8241758346557617
0.8287147879600525
0.8275203108787537
0.8227424621582031
0.8244147300720215
0.8222646713256836
0.8244147300720215
0.8222646713256836
0.824892520904541
0.829431414604187
0.8251314163208008
0.823936939239502
0.828236997127533
0.8301481008529663
0.832537055015564
0.8272814154624939
0.8279981017112732
0.8318203687667847
0.8313425779342651
0.832775890827179
0.8311036825180054
0.8358815312385559
0.8351648449897766
0.8301481008529663
0.832775890827179
0.8315814733505249
0.8315814733505249
0.8334925770759583
0.8385093212127686
0.838031530380249
0.8365981578826904
0.8346870541572571
0.8330147862434387
0.8408982157707214
0.8315814733505249
0.8358815312385559
0.8387482166290283
0.8387482166290283
0.8389871120452881
0.8435260653495789
0.8440037965774536
0.8368370532989502
0.8349259495735168
0.8401815295219421
0.8365981578826904
0.8382704257965088
0.832537055015564
0.8394649028778076
0.8318203687667847
0.8356426358222961
0.8406593203544617
0.8365981578826904
0.8420926928520203
0.8418537974357605
0.8449593782424927
0.8399426937103271
0.8451982736587524
0.8401815295219421
0.8432871699333191
0.8442426919937134
0.8430482745170593
0.8432871699333191
0.8461538553237915
0.8408982157707214
0.8545150756835938
0.8473483324050903
0.8442426919937134
0.8506928086280823
0.8463927507400513
0.8475871682167053
0.8471094369888306
0.8494983315467834
0.8447204828262329
0.8497372269630432
0.8506928086280823
0.8492594361305237
0.8461538553237915
0.8494983315467834
0.8497372269630432
0.8432871699333191
0.8547539710998535
0.8557094931602478
0.8523650169372559
0.8592928647994995
0.8449593782424927
0.850931704044342
0.8547539710998535
0.8502150177955627
0.8518872261047363
0.855470597743988
0.854276180267334
0.8523650169372559
0.8545150756835938
0.8573817610740662
0.8580984473228455
0.8578595519065857
0.8602484464645386
0.8545150756835938
0.8557094931602478
0.8569039702415466
0.8628762364387512
0.8602484464645386
0.8552317023277283
0.8571428656578064
0.8607262372970581
val_loss
1.074049472808838
1.585636854171753
1.8723297119140625
0.7646692395210266
0.8089317083358765
0.6637368202209473
0.9205642342567444
0.7275919914245605
0.8690862655639648
1.07309091091156
1.5526835918426514
0.6946378946304321
0.630702793598175
0.7659849524497986
0.6343668103218079
1.053125023841858
0.6807447075843811
0.5812232494354248
0.8703796863555908
0.6523228287696838
0.8393058776855469
0.6450263857841492
0.8774594664573669
0.6417922377586365
0.8321655988693237
0.7359757423400879
0.7878298163414001
0.6944445967674255
0.6194186210632324
0.653346598148346
0.8473178744316101
1.1042401790618896
0.7395291328430176
0.7361828088760376
0.5884899497032166
1.0002775192260742
0.7468735575675964
0.6046364307403564
0.5894182324409485
0.5719542503356934
0.5875735282897949
0.6217426657676697
0.911751389503479
0.565264105796814
0.6962652802467346
0.599737823009491
0.6351739168167114
0.7051903009414673
0.6054329872131348
0.6409001350402832
0.5796321034431458
0.5305323004722595
0.5622645020484924
0.6027816534042358
0.5869399309158325
0.6007721424102783
0.6320340037345886
0.5489875078201294
0.8018319606781006
0.5752468705177307
0.5629445910453796
0.8145392537117004
0.5581751465797424
0.5584975481033325
0.5661647319793701
0.775435209274292
0.5617490410804749
0.6527195572853088
0.7263785600662231
0.5467504858970642
0.5719026327133179
0.941879391670227
0.6941335201263428
0.628745973110199
0.6018956303596497
0.5424036383628845
0.5426961779594421
0.6896329522132874
0.7857671976089478
0.8154009580612183
1.1598308086395264
1.0418708324432373
0.5578575730323792
0.9720832109451294
1.240220546722412
0.6113307476043701
0.5765753388404846
0.5273547172546387
0.5711987018585205
0.7800601124763489
0.5415652394294739
0.5896787047386169
0.6542535424232483
0.9135702252388
0.5279064178466797
0.5706809163093567
0.7521378993988037
0.5640772581100464
0.7363721132278442
0.7663440704345703
0.6674995422363281
1.0246704816818237
0.5662639737129211
0.6682577133178711
0.5566255450248718
0.6720808148384094
0.5712689161300659
0.5347356796264648
0.7399255037307739
0.6368618011474609
0.5673250555992126
0.6413409113883972
0.5151787400245667
0.6701924204826355
0.6570309400558472
0.8122844099998474
0.6120662689208984
0.7592278122901917
0.5507424473762512
0.5261510014533997
0.5304761528968811
0.5364004969596863
0.6542630791664124
0.5076861381530762
0.5263824462890625
0.5212286710739136
0.5332076549530029
0.5601410865783691
0.8167943954467773
0.5337375998497009
0.5722187757492065
0.5094649791717529
0.5747812390327454
0.5690555572509766
0.5458114743232727
0.6283721923828125
0.774907112121582
0.5490211248397827
0.5598713159561157
0.6475727558135986
0.5127521753311157
0.5345324277877808
0.5661004781723022
0.5302284955978394
0.5498427152633667
0.5900115966796875
0.5756930708885193
0.619338870048523
0.5639851093292236
0.5634459853172302
0.6291586756706238
0.5197119116783142
0.666764497756958
0.535118043422699
0.5339528322219849
0.5237319469451904
0.5429421067237854
0.5239410996437073
0.7544367909431458
0.5960793495178223
0.5214158892631531
0.6609662771224976
0.5914672613143921
0.5536873936653137
0.6956958174705505
0.5328369736671448
0.7283564209938049
0.5663228631019592
0.5630434155464172
0.6977996230125427
0.6623597145080566
0.6672037839889526
0.6146851181983948
0.6513438820838928
0.5059081315994263
0.7122551798820496
0.581201434135437
0.5760560631752014
0.6002816557884216
0.5525115728378296
0.6151191592216492
0.5760273933410645
0.5203171372413635
0.5741483569145203
0.5764639973640442
0.5158488750457764
0.6103857755661011
0.6755893230438232
0.49456945061683655
0.8499282598495483
0.666630208492279
0.6142680048942566
0.6046497821807861
0.50504070520401
0.5372029542922974
0.7126190066337585
0.5376431345939636
0.6874420046806335
0.6140313148498535
0.7587549686431885
val_accuracy
0.5019120573997498
0.5019120573997498
0.5019120573997498
0.6424474120140076
0.6596558094024658
0.7361376881599426
0.605162501335144
0.6720841526985168
0.6252390146255493
0.576481819152832
0.514340341091156
0.7265774607658386
0.7418738007545471
0.6978967785835266
0.7504780292510986
0.5879541039466858
0.7332695722579956
0.7562141418457031
0.6873804926872253
0.7256214022636414
0.6596558094024658
0.7237093448638916
0.6692160367965698
0.7437858581542969
0.6673040390014648
0.7151051759719849
0.7026768922805786
0.7141491174697876
0.7504780292510986
0.7304015159606934
0.6835563778877258
0.6013384461402893
0.7055449485778809
0.7055449485778809
0.7581261992454529
0.6271510720252991
0.6959847211837769
0.7294455170631409
0.7456979155540466
0.7724665403366089
0.7543020844459534
0.7390057444572449
0.6520076394081116
0.7638623118400574
0.6978967785835266
0.7495219707489014
0.7609942555427551
0.7007648348808289
0.7533460855484009
0.7409178018569946
0.7571702003479004
0.7734225392341614
0.7782026529312134
0.7676864266395569
0.7667304277420044
0.7600382566452026
0.7342256307601929
0.7734225392341614
0.6921606063842773
0.7533460855484009
0.7715105414390564
0.7170172333717346
0.7753345966339111
0.7600382566452026
0.7686424255371094
0.7093690037727356
0.7772466540336609
0.7304015159606934
0.7141491174697876
0.7514340281486511
0.7447418570518494
0.7065009474754333
0.7189292311668396
0.7370936870574951
0.7562141418457031
0.7791587114334106
0.7657743692398071
0.7390057444572449
0.7265774607658386
0.7084130048751831
0.6347992420196533
0.6070745587348938
0.7715105414390564
0.5755258202552795
0.624282956123352
0.7399617433547974
0.7705544829368591
0.7820267677307129
0.7782026529312134
0.6309751272201538
0.7686424255371094
0.7323135733604431
0.7609942555427551
0.6988527774810791
0.7839388251304626
0.7581261992454529
0.7036328911781311
0.7724665403366089
0.7217973470687866
0.7103250622749329
0.7323135733604431
0.6892925500869751
0.7629063129425049
0.7466539144515991
0.7801147103309631
0.7552581429481506
0.7762906551361084
0.7695984840393066
0.6969407200813293
0.7179732322692871
0.7772466540336609
0.7179732322692871
0.7925429940223694
0.6759082078933716
0.7265774607658386
0.7065009474754333
0.7629063129425049
0.7045888900756836
0.7715105414390564
0.7848948240280151
0.7896749377250671
0.7896749377250671
0.7246654033660889
0.7915869951248169
0.7801147103309631
0.7762906551361084
0.8001912236213684
0.7896749377250671
0.6921606063842773
0.7705544829368591
0.7447418570518494
0.7801147103309631
0.7887189388275146
0.7829827666282654
0.7686424255371094
0.7523900866508484
0.7361376881599426
0.7619503140449524
0.7743785977363586
0.7456979155540466
0.7848948240280151
0.7887189388275146
0.7629063129425049
0.7619503140449524
0.7858508825302124
0.7801147103309631
0.7629063129425049
0.7523900866508484
0.7839388251304626
0.7743785977363586
0.7514340281486511
0.7791587114334106
0.7284894585609436
0.7791587114334106
0.7820267677307129
0.7934990525245667
0.7877628803253174
0.7896749377250671
0.6950286626815796
0.7877628803253174
0.7829827666282654
0.7246654033660889
0.7810707688331604
0.7724665403366089
0.7170172333717346
0.7686424255371094
0.7141491174697876
0.7743785977363586
0.7695984840393066
0.7342256307601929
0.6864244937896729
0.7456979155540466
0.7600382566452026
0.6854684352874756
0.7858508825302124
0.7017208337783813
0.7600382566452026
0.7600382566452026
0.7686424255371094
0.7791587114334106
0.7447418570518494
0.7629063129425049
0.7934990525245667
0.7552581429481506
0.7581261992454529
0.8068833947181702
0.7351816296577454
0.7695984840393066
0.7829827666282654
0.6892925500869751
0.7495219707489014
0.7629063129425049
0.7657743692398071
0.7915869951248169
0.7887189388275146
0.7399617433547974
0.7523900866508484
0.7361376881599426
0.7676864266395569
0.7160611748695374
