loss
0.879599928855896
0.681172788143158
0.6667455434799194
0.6393318772315979
0.6307424902915955
0.621944785118103
0.5967473983764648
0.5967304706573486
0.5915502309799194
0.5788003206253052
0.5864594578742981
0.5762919783592224
0.5682730674743652
0.5593675971031189
0.5647666454315186
0.5585196614265442
0.5621660947799683
0.5590741038322449
0.5524595379829407
0.5452921390533447
0.5363624691963196
0.5393912196159363
0.5428763031959534
0.5317772030830383
0.5248798131942749
0.5356082916259766
0.530509889125824
0.529370903968811
0.5246180295944214
0.5155677795410156
0.5294021964073181
0.5273302793502808
0.5213750004768372
0.5221182107925415
0.519799530506134
0.520760715007782
0.5025043487548828
0.5045733451843262
0.5163951516151428
0.4943040907382965
0.5117701888084412
0.5141699910163879
0.4980269968509674
0.5009684562683105
0.5076414346694946
0.4946475028991699
0.5090588927268982
0.4936055541038513
0.49784594774246216
0.5010241866111755
0.49613648653030396
0.48199087381362915
0.500359833240509
0.4885880649089813
0.48550939559936523
0.4789860248565674
0.49068811535835266
0.4983302056789398
0.47303739190101624
0.47766390442848206
accuracy
0.6349737048149109
0.6987577676773071
0.7092689871788025
0.7240802645683289
0.7338747978210449
0.7362637519836426
0.7408027052879333
0.7376970648765564
0.740086019039154
0.752269446849823
0.7534639239311218
0.7441471815109253
0.7591972947120667
0.7658863067626953
0.760869562625885
0.7606306672096252
0.7620640397071838
0.7587195634841919
0.7620640397071838
0.7603917717933655
0.7706640958786011
0.7663640975952148
0.7682752013206482
0.7759197354316711
0.7752030491828918
0.7730530500411987
0.7742474675178528
0.7716196775436401
0.769469678401947
0.7799808979034424
0.7763975262641907
0.7749641537666321
0.7752030491828918
0.7778308391571045
0.7823697924613953
0.7802197933197021
0.7845198512077332
0.7885810136795044
0.7752030491828918
0.7890587449073792
0.7847587466239929
0.7823697924613953
0.7931199073791504
0.7842809557914734
0.7818920016288757
0.7885810136795044
0.7759197354316711
0.7892976403236389
0.7883421182632446
0.7857142686843872
0.786908745765686
0.7897754311561584
0.7838031649589539
0.7952699661254883
0.7950310707092285
0.7909699082374573
0.794553279876709
0.7866698503494263
0.7938365936279297
0.7924032211303711
val_loss
2.1374351978302
2.849935531616211
1.6986817121505737
0.7429842948913574
0.6181195974349976
0.6735376715660095
0.6346662640571594
0.739646315574646
1.0238289833068848
0.9533534646034241
0.6382626891136169
0.7598618268966675
0.646165668964386
0.8186870217323303
0.7780993580818176
0.7601373195648193
0.7963531017303467
0.6352890729904175
0.6904167532920837
0.7337897419929504
0.6241404414176941
0.6906567811965942
0.7301134467124939
0.7007035613059998
1.863118052482605
1.2047228813171387
0.674593448638916
0.6866743564605713
0.8355997800827026
1.0038100481033325
0.7071377038955688
0.6978016495704651
0.8835855722427368
1.1872823238372803
0.8028632402420044
1.2315988540649414
0.7088274955749512
0.7291169166564941
0.7447589039802551
0.9138201475143433
0.7399301528930664
0.561959445476532
0.7360802888870239
0.759353756904602
0.8033169507980347
0.8608890771865845
0.596035361289978
0.615151047706604
1.4123238325119019
0.6744275093078613
0.594981849193573
0.5714675188064575
0.6793195605278015
0.6887595057487488
0.7676303386688232
1.1615592241287231
0.7972196936607361
0.7465180158615112
1.229775309562683
0.7827643156051636
val_accuracy
0.5019120573997498
0.5019120573997498
0.5019120573997498
0.6606118679046631
0.7523900866508484
0.7323135733604431
0.7456979155540466
0.7437858581542969
0.6414914131164551
0.6730401515960693
0.7437858581542969
0.7256214022636414
0.7705544829368591
0.7294455170631409
0.7323135733604431
0.7313575744628906
0.7055449485778809
0.7609942555427551
0.7390057444572449
0.7227533459663391
0.7581261992454529
0.7476099133491516
0.7313575744628906
0.7141491174697876
0.5411089658737183
0.6022944450378418
0.7456979155540466
0.7313575744628906
0.7093690037727356
0.6845124363899231
0.7351816296577454
0.7332695722579956
0.7036328911781311
0.6281070709228516
0.7246654033660889
0.6080306172370911
0.7409178018569946
0.7179732322692871
0.7227533459663391
0.6902485489845276
0.7323135733604431
0.7695984840393066
0.7562141418457031
0.7399617433547974
0.7237093448638916
0.7026768922805786
0.7715105414390564
0.7609942555427551
0.5994263887405396
0.7323135733604431
0.7629063129425049
0.7705544829368591
0.7428297996520996
0.7380496859550476
0.7246654033660889
0.6405353546142578
0.7141491174697876
0.7304015159606934
0.6434034705162048
0.7208412885665894
