loss
0.9268596172332764
0.7510387301445007
0.6921215653419495
0.6710549592971802
0.6428860425949097
0.6292374730110168
0.6271339058876038
0.6071537137031555
0.5940202474594116
0.5772321224212646
0.5785159468650818
0.5706585645675659
0.5631013512611389
0.5611339211463928
0.5487788319587708
0.548019289970398
0.5480703711509705
0.5379346013069153
0.5339974761009216
0.5320057272911072
0.5322855710983276
0.5241771340370178
0.5249946117401123
0.525652289390564
0.5145555138587952
0.5153359770774841
0.5117143988609314
0.5108872652053833
0.5014773011207581
0.5072779655456543
0.5094573497772217
0.5026859641075134
0.5008865594863892
0.497270405292511
0.4880688488483429
0.48692786693573
0.49657338857650757
0.49247393012046814
0.4921305775642395
0.4879879355430603
0.48321643471717834
0.48891451954841614
0.4724533259868622
0.4735344350337982
0.4766811430454254
0.4740031659603119
0.46101847290992737
0.4653775095939636
0.45859217643737793
0.46152013540267944
0.46412235498428345
0.4647238850593567
0.466473251581192
0.4696696996688843
0.4687842130661011
0.45178139209747314
0.45146843791007996
0.4583432972431183
0.46619972586631775
0.45829305052757263
0.4500845968723297
0.4495463967323303
0.45139825344085693
0.4458616375923157
0.4446088373661041
0.43664154410362244
0.44830453395843506
0.440454363822937
0.4353691041469574
0.43935343623161316
0.44112443923950195
0.44349339604377747
0.43705594539642334
0.43831878900527954
0.42424890398979187
0.4376077353954315
0.4211834669113159
0.43720048666000366
0.4356091022491455
0.4298827648162842
0.42281484603881836
0.4294692873954773
0.4256342053413391
0.41449519991874695
0.41992950439453125
0.4233807325363159
0.4129432737827301
0.42552846670150757
0.41871142387390137
0.4136258661746979
0.4167203903198242
0.4074822962284088
0.42152169346809387
0.4152063727378845
0.40943193435668945
0.4107291102409363
0.41727256774902344
0.406812459230423
0.4067044258117676
0.4127808213233948
accuracy
0.6015288829803467
0.6796464323997498
0.695652186870575
0.708791196346283
0.727185845375061
0.7255136370658875
0.727185845375061
0.7386526465415955
0.743430495262146
0.7520305514335632
0.7553750872612
0.7532250285148621
0.7677974104881287
0.7615862488746643
0.7644529342651367
0.7680363059043884
0.7701863646507263
0.7704252004623413
0.773769736289978
0.772814154624939
0.7732919454574585
0.7802197933197021
0.7814142107963562
0.7701863646507263
0.7828475832939148
0.773769736289978
0.7811753749847412
0.7814142107963562
0.7842809557914734
0.7814142107963562
0.7823697924613953
0.7842809557914734
0.7823697924613953
0.7909699082374573
0.7885810136795044
0.786908745765686
0.7895365357398987
0.7864309549331665
0.786908745765686
0.7957477569580078
0.7969421744346619
0.7967032790184021
0.794553279876709
0.7909699082374573
0.7964643836021423
0.7983755469322205
0.8041089177131653
0.7981366515159607
0.8064978718757629
0.7969421744346619
0.7986144423484802
0.8002866506576538
0.8024367094039917
0.8007644414901733
0.7998088598251343
0.808647871017456
0.8050644993782043
0.8069756627082825
0.8007644414901733
0.8067367672920227
0.8064978718757629
0.800047755241394
0.8062589764595032
0.8079311847686768
0.803392231464386
0.8134257197380066
0.8055422902107239
0.8182035088539124
0.8143812417984009
0.8067367672920227
0.8100812435150146
0.8088867664337158
0.8074533939361572
0.8131868243217468
0.8158146142959595
0.807692289352417
0.8146201372146606
0.8103201389312744
0.8131868243217468
0.8124701380729675
0.8201146721839905
0.8112756609916687
0.8139035105705261
0.8253702521324158
0.8155757188796997
0.8198757767677307
0.8220257759094238
0.8177257776260376
0.8139035105705261
0.8141424059867859
0.8182035088539124
0.8232202529907227
0.8227424621582031
0.8193979859352112
0.8220257759094238
0.8272814154624939
0.8232202529907227
0.8227424621582031
0.8277592062950134
0.819636881351471
val_loss
1.2424207925796509
1.3895812034606934
1.1335402727127075
0.6441860795021057
0.6437253952026367
0.6659898161888123
0.9307122230529785
0.7611274123191833
0.7507050633430481
0.6418370604515076
0.5977129340171814
0.6187086701393127
0.6917288303375244
0.7366511821746826
0.56398606300354
0.6135279536247253
0.6514661312103271
0.7599164843559265
0.5458685755729675
0.6209296584129333
0.5617970824241638
0.7244169116020203
0.5529153943061829
0.5748359560966492
0.599804162979126
0.5552284717559814
0.5208399295806885
0.6148974895477295
0.6163003444671631
0.5820578336715698
0.573211669921875
0.5252180695533752
0.6097275018692017
0.5930168032646179
0.6606088280677795
0.5362586379051208
0.5256120562553406
0.5699527263641357
0.5478402376174927
0.5099968910217285
0.5746214985847473
0.523908257484436
0.5677441954612732
0.5225135684013367
0.5224719047546387
0.5917969942092896
0.5402376651763916
0.7047695517539978
0.5297769904136658
0.6609469652175903
0.5049179196357727
0.565150797367096
0.7944493889808655
0.5452902317047119
0.6429821848869324
0.5852378606796265
0.5149983167648315
0.5324594974517822
0.5742886066436768
0.6089767217636108
0.5023267269134521
0.7295951843261719
0.5046165585517883
0.5416585803031921
0.6395516991615295
0.5006089806556702
0.5448811054229736
0.5378053188323975
0.5484651923179626
0.5402244329452515
0.5225787162780762
0.5751530528068542
0.5312269330024719
0.5197157859802246
0.5810737609863281
0.5383087396621704
0.5825056433677673
0.5579135417938232
0.6116556525230408
0.531099796295166
0.5305350422859192
0.5443651080131531
0.5544068217277527
0.5235402584075928
0.5179279446601868
0.5533875823020935
0.4989229440689087
0.5850712060928345
0.8174769282341003
0.5704774856567383
0.48926103115081787
0.529608964920044
0.750458836555481
0.5915076732635498
0.5759649872779846
0.509216845035553
0.505738377571106
0.5484264492988586
0.5042246580123901
0.49354782700538635
val_accuracy
0.2724665403366089
0.36615678668022156
0.514340341091156
0.7093690037727356
0.7304015159606934
0.7141491174697876
0.6166347861289978
0.6988527774810791
0.7026768922805786
0.7323135733604431
0.7619503140449524
0.7189292311668396
0.7198852896690369
0.6978967785835266
0.7629063129425049
0.7361376881599426
0.7437858581542969
0.6873804926872253
0.7590821981430054
0.7237093448638916
0.7533460855484009
0.7112810611724854
0.7495219707489014
0.7495219707489014
0.7437858581542969
0.7533460855484009
0.7743785977363586
0.7466539144515991
0.7323135733604431
0.7437858581542969
0.7466539144515991
0.7590821981430054
0.7390057444572449
0.7456979155540466
0.7409178018569946
0.7667304277420044
0.7791587114334106
0.7629063129425049
0.7600382566452026
0.7724665403366089
0.7390057444572449
0.7657743692398071
0.7409178018569946
0.7695984840393066
0.7562141418457031
0.7495219707489014
0.7657743692398071
0.7170172333717346
0.7667304277420044
0.7332695722579956
0.7686424255371094
0.7609942555427551
0.7045888900756836
0.7552581429481506
0.7437858581542969
0.7495219707489014
0.7648183703422546
0.7676864266395569
0.7495219707489014
0.7590821981430054
0.7791587114334106
0.7294455170631409
0.7743785977363586
0.7667304277420044
0.7552581429481506
0.7877628803253174
0.7629063129425049
0.7676864266395569
0.7562141418457031
0.7743785977363586
0.7839388251304626
0.7753345966339111
0.7762906551361084
0.7762906551361084
0.7743785977363586
0.7724665403366089
0.7562141418457031
0.7695984840393066
0.7399617433547974
0.7686424255371094
0.7782026529312134
0.7667304277420044
0.7705544829368591
0.7571702003479004
0.7705544829368591
0.7848948240280151
0.7858508825302124
0.7629063129425049
0.7179732322692871
0.7609942555427551
0.7858508825302124
0.7762906551361084
0.7284894585609436
0.7657743692398071
0.7629063129425049
0.7848948240280151
0.7868068814277649
0.7772466540336609
0.7791587114334106
0.7973231077194214
